{
 "cells": [
  {
   "cell_type": "code",
   "execution_count": 1,
   "metadata": {},
   "outputs": [],
   "source": [
    "import numpy as np\n",
    "from sympy import *\n",
    "import matplotlib.pyplot as plt"
   ]
  },
  {
   "cell_type": "code",
   "execution_count": 3,
   "metadata": {},
   "outputs": [
    {
     "name": "stdout",
     "output_type": "stream",
     "text": [
      "[[ 1  3  0]\n",
      " [ 0 -2  8]\n",
      " [ 7  2 -6]]\n",
      "\n",
      "determinant: 164.0\n",
      "\n",
      "i 0\n",
      "j 0\n",
      "[[-2  8]\n",
      " [ 2 -6]]\n",
      "\n",
      "i 0\n",
      "j 1\n",
      "[[ 0  8]\n",
      " [ 7 -6]]\n",
      "\n",
      "i 0\n",
      "j 2\n",
      "[[ 0 -2]\n",
      " [ 7  2]]\n",
      "\n",
      "i 1\n",
      "j 0\n",
      "[[-56  14]\n",
      " [  2  -6]]\n",
      "\n",
      "i 1\n",
      "j 1\n",
      "[[-4 14]\n",
      " [ 7 -6]]\n",
      "\n",
      "i 1\n",
      "j 2\n",
      "[[ -4 -56]\n",
      " [  7   2]]\n",
      "\n",
      "i 2\n",
      "j 0\n",
      "[[-56  14]\n",
      " [-74 384]]\n",
      "\n",
      "i 2\n",
      "j 1\n",
      "[[ -4  14]\n",
      " [308 384]]\n",
      "\n",
      "i 2\n",
      "j 2\n",
      "[[ -4 -56]\n",
      " [308 -74]]\n",
      "\n",
      "[[    -4    -56     14]\n",
      " [   308    -74    384]\n",
      " [-20468  -5848  17544]]\n"
     ]
    }
   ],
   "source": [
    "# 101. Code challenge: Implement the MCA algorithm!\n",
    "\n",
    "#MCA algorithm in code!!!\n",
    "\n",
    "# Compute the inverse using inv(), compare to your implementation of the MCA\n",
    "\n",
    "# Create matrix\n",
    "a = np.array([[1,3,0], [0,-2,8], [7,2,-6]])\n",
    "m = a\n",
    "m == a\n",
    "det = np.linalg.det(a)\n",
    "print(a)\n",
    "print()\n",
    "print('determinant:',round(det))\n",
    "print()\n",
    "\n",
    "# Create matrix of determinants\n",
    "for i in range(len(a)): # rows\n",
    "    # define rows and columns for submatrix\n",
    "    for j in range(len(a)): # cols\n",
    "        atemp = np.delete(a, i, 0) # delete row\n",
    "        atemp = np.delete(atemp, j, 1) # delete col\n",
    "        dets = np.linalg.det(atemp)\n",
    "        m[i,j] = round(dets)\n",
    "        print('i',i)\n",
    "        print('j',j)\n",
    "        print(atemp)\n",
    "        print()\n",
    "\n",
    "print(m)\n"
   ]
  },
  {
   "cell_type": "code",
   "execution_count": 195,
   "metadata": {},
   "outputs": [
    {
     "name": "stdout",
     "output_type": "stream",
     "text": [
      "[[ 1 -1  1]\n",
      " [-1  1 -1]\n",
      " [ 1 -1  1]]\n",
      "\n",
      "[[-4 56 14]\n",
      " [18 -6 19]\n",
      " [24 -8 -2]]\n",
      "\n",
      "[[-4 18 24]\n",
      " [56 -6 -8]\n",
      " [14 19 -2]]\n",
      "\n",
      "[[-0.02439024  0.1097561   0.14634146]\n",
      " [ 0.34146341 -0.03658537 -0.04878049]\n",
      " [ 0.08536585  0.11585366 -0.01219512]]\n"
     ]
    }
   ],
   "source": [
    "# Create array of matching size to original of alternating +'s and -'s \n",
    "b = np.array([[1,-1,1], [-1,1,-1], [1,-1,1]])\n",
    "print(b)\n",
    "print()\n",
    "\n",
    "# Perform Hadamard multiplication (e.g. element wise) of alternating +/- matrix with matrix of determinants\n",
    "c = np.multiply(m,b)\n",
    "print(c)\n",
    "print()\n",
    "c_t = np.transpose(c)\n",
    "print(c_t)\n",
    "print()\n",
    "ainv = c_t / 164\n",
    "print(ainv)"
   ]
  },
  {
   "cell_type": "code",
   "execution_count": 225,
   "metadata": {},
   "outputs": [
    {
     "name": "stdout",
     "output_type": "stream",
     "text": [
      "original matrix:\n",
      " [[ 1  3  0]\n",
      " [ 0 -2  8]\n",
      " [ 7  2 -6]]\n",
      "\n",
      "inverse matrix:\n",
      " [[-0.02439024  0.1097561   0.14634146]\n",
      " [ 0.34146341 -0.03658537 -0.04878049]\n",
      " [ 0.08536585  0.11585366 -0.01219512]]\n",
      "\n",
      "inverse matrix 2:\n",
      " [[-0.02439024  0.1097561   0.14634146]\n",
      " [ 0.34146341 -0.03658537 -0.04878049]\n",
      " [ 0.08536585  0.11585366 -0.01219512]]\n",
      "\n",
      "subtraction of the two inverse matrices:\n",
      " [[ 3.46944695e-18  1.38777878e-17  0.00000000e+00]\n",
      " [ 0.00000000e+00 -6.93889390e-18 -6.93889390e-18]\n",
      " [ 1.38777878e-17  1.38777878e-17 -1.73472348e-18]]\n",
      "\n",
      "shouuld result in identity matrix:\n",
      " [[ 1.  0. -0.]\n",
      " [ 0.  1.  0.]\n",
      " [-0.  0.  1.]]\n"
     ]
    }
   ],
   "source": [
    "# original matrix x inverse matrix should result in identity matrix\n",
    "\n",
    "#result = np.multiply(ainv,a) #ainv*a\n",
    "#result = ainv*a\n",
    "result = np.dot(a,ainv)\n",
    "result = np.around(result)\n",
    "result2 = np.linalg.inv(a)\n",
    "result3 = ainv - result2\n",
    "\n",
    "print('original matrix:\\n',a)\n",
    "print()\n",
    "print('inverse matrix:\\n', ainv)\n",
    "print()\n",
    "print('inverse matrix 2:\\n',result2)\n",
    "print()\n",
    "print('subtraction of the two inverse matrices:\\n',result3)\n",
    "print()\n",
    "print('shouuld result in identity matrix:\\n', result)\n"
   ]
  },
  {
   "cell_type": "code",
   "execution_count": 15,
   "metadata": {},
   "outputs": [
    {
     "name": "stdout",
     "output_type": "stream",
     "text": [
      "[[2 0]\n",
      " [0 3]]\n",
      "\n",
      "[[2 0 0]\n",
      " [0 3 0]\n",
      " [0 0 4]]\n",
      "\n",
      "rank of a: 2\n",
      "rank of a3: 3\n",
      "inv of a:\n",
      " [[0.5        0.        ]\n",
      " [0.         0.33333333]]\n",
      "\n",
      "inv of a3:\n",
      " [[0.5        0.         0.        ]\n",
      " [0.         0.33333333 0.        ]\n",
      " [0.         0.         0.25      ]]\n"
     ]
    }
   ],
   "source": [
    "# 103. Code challenge: inverse of a diagonal matrix\n",
    "\n",
    "# Create some diagonal matrices, start with 2x2 integers, work up to larger matrices\n",
    "# Compute their inverses (what is the condition on the diagonal matrix for invertibility)\n",
    "# ...Think...\n",
    "\n",
    "a = np.array([[2, 0], [0, 3]])\n",
    "a3 = np.array([[2, 0, 0], [0, 3, 0], [0, 0, 4]])\n",
    "print(a)\n",
    "print()\n",
    "print(a3)\n",
    "print()\n",
    "\n",
    "print('rank of a:', np.linalg.matrix_rank(a))\n",
    "print('rank of a3:', np.linalg.matrix_rank(a3))\n",
    "\n",
    "ainv = np.linalg.inv(a)\n",
    "a3inv = np.linalg.inv(a3)\n",
    "print('inv of a:\\n', ainv)\n",
    "print()\n",
    "print('inv of a3:\\n', a3inv)"
   ]
  },
  {
   "cell_type": "code",
   "execution_count": 57,
   "metadata": {},
   "outputs": [
    {
     "name": "stdout",
     "output_type": "stream",
     "text": [
      "original matrix\n",
      " [[ 1.74219658 -0.56650194 -0.50926325  0.51203767  0.61402984]\n",
      " [ 2.13607667  1.79527764  0.93329791 -1.11586733  0.64085133]\n",
      " [-0.00503701  0.14502126  1.17538259  1.43657902  1.75656251]\n",
      " [-0.02458007  1.20219322 -0.39238081 -0.5497334   0.22696471]\n",
      " [ 0.89171618 -1.36891545 -1.01540825  0.77910557 -2.80330631]]\n",
      "\n",
      "rank of a: 5\n",
      "\n",
      "ainv\n",
      " [[ 0.26034193  0.21625768 -0.01076978 -0.09409941  0.09209543]\n",
      " [-0.21939159  0.0857723   0.33272807  0.84292731  0.24828778]\n",
      " [-0.44653665  0.35096632  0.14280307 -0.73790671  0.01216212]\n",
      " [-0.03106212 -0.12875604  0.60585205  0.54589437  0.38758847]\n",
      " [ 0.34305776 -0.13600483 -0.04924931 -0.02255204 -0.34535619]]\n",
      "\n",
      "painv\n",
      " [[ 0.26034193  0.21625768 -0.01076978 -0.09409941  0.09209543]\n",
      " [-0.21939159  0.0857723   0.33272807  0.84292731  0.24828778]\n",
      " [-0.44653665  0.35096632  0.14280307 -0.73790671  0.01216212]\n",
      " [-0.03106212 -0.12875604  0.60585205  0.54589437  0.38758847]\n",
      " [ 0.34305776 -0.13600483 -0.04924931 -0.02255204 -0.34535619]]\n",
      "\n",
      "[[ 1. -0.  0. -0. -0.]\n",
      " [-0.  1.  0.  0. -0.]\n",
      " [-0. -0.  1. -0.  0.]\n",
      " [ 0.  0.  0.  1. -0.]\n",
      " [ 0. -0. -0. -0.  1.]]\n",
      "\n",
      "[[ 1. -0. -0.  0. -0.]\n",
      " [-0.  1. -0. -0. -0.]\n",
      " [-0.  0.  1.  0.  0.]\n",
      " [ 0. -0.  0.  1. -0.]\n",
      " [-0. -0.  0.  0.  1.]]\n",
      "\n",
      "[[ 0.  0. -0.  0.  0.]\n",
      " [ 0.  0. -0. -0. -0.]\n",
      " [ 0. -0. -0.  0. -0.]\n",
      " [ 0.  0. -0. -0. -0.]\n",
      " [-0.  0.  0.  0.  0.]]\n"
     ]
    }
   ],
   "source": [
    "# 108. Code challenge: psuedoinverse of invertible matrices\n",
    "\n",
    "# Psuedoinverse is the same as the \"real\" inverse for an invertible matrix?\n",
    "\n",
    "m = 5\n",
    "a = np.array( np.random.randn(m,m) )\n",
    "print('original matrix\\n',a)\n",
    "print()\n",
    "print('rank of a:', np.linalg.matrix_rank(a))\n",
    "print()\n",
    "\n",
    "ainv = np.linalg.inv(a)\n",
    "print('ainv\\n',ainv)\n",
    "print()\n",
    "\n",
    "apinv = np.linalg.pinv(a)\n",
    "print('painv\\n',apinv)\n",
    "print()\n",
    "\n",
    "i = np.around(a.dot(ainv), 0)\n",
    "print(i)\n",
    "print()\n",
    "\n",
    "ip = np.around(a.dot(apinv), 0)\n",
    "print(ip)\n",
    "print()\n",
    "\n",
    "print(np.around(ainv - apinv))"
   ]
  }
 ],
 "metadata": {
  "kernelspec": {
   "display_name": "Python 3",
   "language": "python",
   "name": "python3"
  },
  "language_info": {
   "codemirror_mode": {
    "name": "ipython",
    "version": 3
   },
   "file_extension": ".py",
   "mimetype": "text/x-python",
   "name": "python",
   "nbconvert_exporter": "python",
   "pygments_lexer": "ipython3",
   "version": "3.7.4"
  }
 },
 "nbformat": 4,
 "nbformat_minor": 2
}
